412.0	440.0	488.0	510.0	532.0	555.0	650.0	676.0	715.0
3.69507	3.04762	2.4487	2.2073099999999997	2.07248	1.85248	1.39961	1.35874	1.22156
3.7221900000000003	3.04212	2.4024799999999997	2.1872700000000003	2.02567	1.86945	1.40554	1.34805	1.22012
3.74939	3.10131	2.4475	2.20217	2.03832	1.85293	1.40415	1.3533899999999999	1.25156
3.90642	3.3080300000000005	2.58069	2.23636	2.08942	1.9186900000000002	1.4875399999999999	1.49652	1.38897
3.8169699999999995	3.15364	2.5084400000000002	2.33828	2.19949	2.0059	1.6432799999999999	1.6065399999999999	1.35186
3.75921	3.07223	2.45191	2.20483	2.14275	1.8741700000000001	1.46959	1.39747	1.28877
3.72864	3.0868	2.49906	2.19774	2.0479	1.87694	1.44393	1.38772	1.27433
3.7576699999999996	3.0829299999999997	2.43276	2.2168099999999997	2.04136	1.87008	1.48914	1.4066	1.23885
3.75233	3.07945	2.43585	2.18665	2.02563	1.8706200000000002	1.4107299999999998	1.4036600000000001	1.24177
3.73463	3.07401	2.46409	2.2031400000000003	2.04055	1.88251	1.41629	1.39629	1.2626600000000001
3.71664	3.07925	2.46024	2.18988	2.05804	1.8628200000000001	1.41905	1.38634	1.25721
3.74263	3.08442	2.4525200000000003	2.20799	2.0537799999999997	1.89946	1.47333	1.388	1.29752
3.73524	3.0836200000000002	2.43667	2.19863	2.06803	1.8544900000000002	1.4360600000000001	1.41487	1.25839
3.7286699999999997	3.06018	2.43932	2.23927	2.09459	1.87585	1.40551	1.38721	1.21346
3.71467	3.07443	2.4453	2.2307900000000003	2.0573799999999998	1.92192	1.47471	1.39595	1.25337
3.7827	3.1395	2.4668	2.2260299999999997	2.1205	1.9199400000000002	1.4669	1.44959	1.27554
3.75184	3.07689	2.41617	2.23485	2.08032	1.8802900000000002	1.43725	1.3719299999999999	1.25821
3.72954	3.0869	2.47073	2.23525	2.0929900000000004	1.9062299999999999	1.43119	1.37188	1.24079
3.71685	3.08213	2.4548900000000002	2.1827799999999997	2.0622700000000003	1.8817400000000002	1.4092799999999999	1.35236	1.24223
3.7534199999999998	3.07671	2.42441	2.20865	2.0571900000000003	1.90347	1.44315	1.41352	1.2217200000000001
3.7225900000000003	3.10272	2.42332	2.17864	2.0586900000000004	1.87982	1.4250399999999999	1.38173	1.23666
3.7409800000000004	3.07504	2.4431599999999998	2.21625	2.03309	1.87722	1.4509299999999998	1.39468	1.24146
3.71434	3.1122900000000002	2.43153	2.1978299999999997	2.0438099999999997	1.8300299999999998	1.39402	1.36608	1.2452299999999998
3.7293199999999995	3.0803	2.45054	2.25873	2.06155	1.8680599999999998	1.43381	1.39805	1.25921
3.77011	3.0971599999999997	2.47107	2.1972400000000003	2.06223	1.8642599999999998	1.4197899999999999	1.3748200000000002	1.2727899999999999
3.7205699999999995	3.07195	2.47777	2.22638	2.09612	1.96786	1.53078	1.46505	1.27798
3.7100199999999997	3.1225	2.46509	2.21666	2.0864599999999998	1.8713400000000002	1.42631	1.3721299999999998	1.24189
3.7349	3.07484	2.44263	2.24171	2.07817	1.8485200000000002	1.45918	1.4163700000000001	1.25055
3.6927	3.09245	2.4208	2.19508	2.09524	1.8286	1.4058899999999999	1.3738299999999999	1.24464
3.7261699999999998	3.07533	2.4335299999999997	2.1997400000000003	2.05631	1.8930200000000001	1.41245	1.3851799999999999	1.26529
3.70994	3.10893	2.46429	2.22093	2.01918	1.85602	1.42061	1.38927	1.2635
3.7252400000000003	3.0596900000000002	2.4399	2.2503	2.128	1.84707	1.46076	1.40802	1.26194
3.7057300000000004	3.1063400000000003	2.44579	2.1781099999999998	2.0636200000000002	1.8917599999999999	1.4338600000000001	1.3744399999999999	1.2950700000000002
3.72868	3.0504599999999997	2.41288	2.23069	2.0935900000000003	1.8768200000000002	1.41603	1.37772	1.23638
3.71982	3.10437	2.4999599999999997	2.17963	2.0589	1.8549099999999998	1.41493	1.38352	1.2515399999999999
4.1902099999999995	3.5737400000000004	2.84863	2.2466	2.1049700000000002	2.00461	1.6792200000000002	1.6190799999999999	1.50949
4.64574	3.9070699999999996	3.1339900000000003	2.78586	2.76172	2.51165	2.36318	2.19907	2.15797
4.24017	3.57321	3.00521	2.89814	2.75632	2.61607	2.06062	2.04893	1.92744
4.07338	3.4113900000000004	2.78991	2.82172	2.43127	2.2692	1.8032299999999999	1.6958099999999998	1.6224100000000001
3.88945	3.26028	2.55317	2.42095	2.29995	2.16945	1.7319	1.63351	1.50664
3.8258	3.18362	2.53147	2.37751	2.1782	2.04199	1.54572	1.4651399999999999	1.39583
3.86398	3.16335	2.4711	2.26648	2.15077	1.92353	1.47339	1.43143	1.33724
3.73749	3.0775900000000003	2.41024	2.26861	2.12584	1.979	1.47044	1.39717	1.29024
3.73547	3.0548900000000003	2.42922	2.19085	2.0911299999999997	1.8829900000000002	1.4591100000000001	1.41426	1.2955299999999998
3.72327	3.0902	2.45202	2.22853	2.0286299999999997	1.86778	1.43259	1.38614	1.26139
3.71545	3.05119	2.45994	2.17623	2.06301	1.8856	1.41664	1.37074	1.25835
3.8172900000000003	3.15669	2.59861	2.25217	2.1008400000000003	1.90498	1.4912	1.43129	1.31818
3.84332	3.18856	2.54263	2.30776	2.14984	1.97367	1.5787200000000001	1.4801	1.3106200000000001
3.8152	3.1688099999999997	2.52086	2.29482	2.14264	1.92537	1.54003	1.4881799999999998	1.35135
3.7869300000000004	3.17009	2.4908200000000003	2.2854400000000004	2.0959	1.9144	1.47032	1.40841	1.2998100000000001
3.97116	3.12423	2.49933	2.2720700000000003	2.09253	1.9261700000000002	1.48373	1.43776	1.24396
3.7480599999999997	3.08583	2.4298	2.24346	2.0667299999999997	1.89916	1.45443	1.42056	1.27099
3.72206	3.0906599999999997	2.45189	2.19011	2.04062	1.84267	1.42382	1.37164	1.2456200000000002
3.72059	3.09002	2.44658	2.21544	2.07313	1.83562	1.4081	1.3555700000000002	1.24051
3.74209	3.0954900000000003	2.44827	2.20891	2.04157	1.8767599999999998	1.44909	1.38963	1.2713700000000001
3.72064	3.07863	2.43384	2.22872	2.11282	1.87887	1.43141	1.39114	1.25786
3.7185699999999997	3.11027	2.42653	2.22927	2.1055099999999998	1.88475	1.43757	1.3645399999999999	1.24773
3.7333800000000004	3.09232	2.42309	2.24933	2.05575	1.8400400000000001	1.42791	1.40459	1.28364
3.77631	3.06881	2.43092	2.17848	2.00915	1.84315	1.4370399999999999	1.39663	1.2792700000000001
3.77065	3.14836	2.47459	2.2191099999999997	2.05966	1.8635099999999998	1.4358	1.3762299999999998	1.2646
3.76165	3.1150599999999997	2.4624099999999998	2.21665	2.05008	1.86549	1.4983899999999999	1.41123	1.2675100000000001
3.79486	3.1223400000000003	2.47993	2.23367	2.10514	1.9404400000000002	1.49013	1.44254	1.31443
3.73276	3.0939799999999997	2.4493400000000003	2.21998	2.05118	1.88035	1.47099	1.42183	1.26956
3.7317199999999997	3.06045	2.42617	2.19378	2.07113	1.8539299999999999	1.43871	1.38139	1.27494
3.7121	3.07369	2.43122	2.20772	2.03749	1.8408799999999998	1.44431	1.36426	1.25573
3.76231	3.07261	2.45825	2.21889	2.04924	1.8648799999999999	1.43323	1.3722299999999998	1.2748899999999999
3.72232	3.07206	2.43337	2.19533	2.09402	1.8618700000000001	1.45845	1.40906	1.2710299999999999
3.69507	3.06118	2.4165	2.18039	2.04595	1.84191	1.45153	1.36665	1.29006
3.70586	3.06338	2.43477	2.1744	2.04128	1.85335	1.42606	1.35658	1.25524
3.74585	3.08321	2.46169	2.17587	2.04849	1.8614	1.42448	1.40375	1.27465
3.8328800000000003	3.16286	2.58554	2.2412799999999997	2.06652	1.89095	1.4864899999999999	1.43236	1.33985
4.2828	3.67026	2.94192	2.47155	2.33284	2.1608099999999997	1.7691599999999998	1.74875	1.77938
4.23463	3.64555	3.04561	2.73992	2.62977	2.57496	2.07651	2.02202	2.0392
3.9958199999999997	3.3817699999999995	2.71861	2.82071	2.54192	2.33418	1.79195	1.7149299999999998	1.6048200000000001
3.95969	3.315	2.73073	2.60554	2.37379	2.17578	1.80492	1.7579	1.4911299999999998
3.9006199999999995	3.23224	2.60387	2.55974	2.31782	2.11538	1.7365	1.76748	1.62646
3.8077	3.20308	2.51728	2.3766599999999998	2.2427799999999998	2.05065	1.5753700000000002	1.49766	1.3801299999999999
3.7362599999999997	3.14201	2.49885	2.27143	2.1029400000000003	1.97732	1.5059	1.43793	1.27928
3.7456300000000002	3.11044	2.47467	2.25149	2.14299	1.91336	1.50882	1.47803	1.30979
3.7356599999999998	3.11233	2.4457400000000002	2.28384	2.08765	1.96175	1.4958	1.4476799999999999	1.3355299999999999
3.7449199999999996	3.07254	2.45955	2.25161	2.09318	1.8991200000000001	1.47407	1.41215	1.24647
3.7720800000000003	3.12164	2.48057	2.2694	2.0737400000000004	1.88988	1.45119	1.4149200000000002	1.34752
3.73145	3.09338	2.46109	2.24304	2.0735200000000003	1.8493700000000002	1.4446700000000001	1.41205	1.2641200000000001
3.75874	3.08356	2.4412599999999998	2.21027	2.08142	1.89094	1.42781	1.41353	1.2654299999999998
3.72631	3.05553	2.40958	2.2076700000000002	2.06581	1.88418	1.45814	1.4081	1.2427700000000002
3.71401	3.07354	2.4233700000000002	2.22934	2.0531599999999997	1.85942	1.43163	1.36986	1.24561
3.71264	3.05903	2.41716	2.19239	2.02609	1.83381	1.41089	1.36394	1.26433
3.70686	3.04667	2.4631	2.17384	2.0454	1.86802	1.43129	1.3819	1.27623
3.7290900000000002	3.11268	2.44198	2.18315	2.1522200000000002	1.8379599999999998	1.444	1.38741	1.24029
3.8073699999999997	3.19767	2.56126	2.2459	2.09849	1.8881	1.48199	1.44953	1.37016
3.9246300000000005	3.3118300000000005	2.64468	2.38192	2.1792599999999998	1.99215	1.5760100000000001	1.53975	1.38858
4.0775	3.43126	2.7368200000000003	2.40771	2.28551	2.11242	1.7832599999999998	1.6586900000000002	1.59626
3.98165	3.18718	2.5283	2.5167200000000003	2.20777	2.0494	1.6012	1.62499	1.4460899999999999
3.8291800000000005	3.14839	2.57479	2.40109	2.26916	1.98075	1.51387	1.47071	1.33807
3.79205	3.13787	2.52541	2.26187	2.16508	1.88543	1.44331	1.44635	1.3110899999999999
3.7393300000000003	3.13568	2.50373	2.25185	2.08059	1.90772	1.49865	1.42162	1.32926
3.74125	3.09543	2.40583	2.25903	2.09009	1.85484	1.40959	1.38109	1.28112
3.74985	3.07629	2.42208	2.19542	2.07274	1.8594	1.4293799999999999	1.47475	1.24919
3.7721699999999996	3.1139900000000003	2.48374	2.2261	2.07452	1.92609	1.48663	1.44097	1.30361
3.7941800000000003	3.1158099999999997	2.46161	2.29307	2.11947	1.9394900000000002	1.47869	1.44777	1.29259
3.7200300000000004	3.12291	2.4445200000000002	2.25541	2.11358	1.89907	1.50032	1.4136600000000001	1.26391
3.82801	3.1846900000000002	2.54684	2.24471	2.07923	1.85432	1.4792299999999998	1.45613	1.32159
3.8256900000000003	3.14032	2.50204	2.28959	2.12305	1.9191200000000002	1.50531	1.45735	1.36312
3.7465300000000004	3.14792	2.4814599999999998	2.28475	2.12744	1.9088	1.55037	1.51738	1.3520299999999998
3.81636	3.24789	2.62407	2.27553	2.10887	1.93715	1.56427	1.5021200000000001	1.32846
3.94171	3.27316	2.5581	2.38151	2.20593	1.96521	1.59299	1.50063	1.4053799999999999
3.80405	3.21909	2.59015	2.34753	2.21627	1.98547	1.60753	1.50275	1.38039
3.76893	3.14141	2.4768	2.29077	2.10207	1.90757	1.4544	1.39311	1.26616
3.72212	3.09503	2.4589	2.24094	2.08095	1.89409	1.41408	1.3831799999999999	1.28033
3.7827300000000004	3.15447	2.50153	2.29981	2.1009900000000004	1.8740299999999999	1.52441	1.48264	1.2944
3.7728900000000003	3.14285	2.5076099999999997	2.26191	2.1125	1.95535	1.5282	1.4424700000000001	1.35586
3.80962	3.17732	2.48248	2.24923	2.1222	1.9453599999999998	1.5206600000000001	1.45331	1.29682
3.8390199999999997	3.18301	2.52085	2.28176	2.07737	1.94698	1.50173	1.45051	1.30131
4.38223	3.71538	3.04903	2.35118	2.27021	2.2693	1.8548799999999999	1.7684	1.6761599999999999
4.55299	3.82758	3.17223	2.95037	2.82824	2.58264	2.2178	2.15278	1.9298
4.32322	3.5517300000000005	2.92941	2.85943	2.88327	2.5565700000000002	1.94557	1.98655	1.7267700000000001
4.1100900000000005	3.53309	2.89873	2.7608599999999996	2.5920799999999997	2.32622	1.8728900000000002	1.9422099999999998	1.6508900000000002
3.9282199999999996	3.2606599999999997	2.5601700000000003	2.5378	2.3274	2.0939099999999997	1.67642	1.58647	1.40097
3.82502	3.1576	2.53205	2.31745	2.17576	1.9412599999999998	1.53941	1.4461600000000001	1.37113
3.9260099999999998	3.2696400000000003	2.62321	2.2771	2.18123	1.95488	1.51145	1.49724	1.3689200000000001
4.1390199999999995	3.42929	2.73183	2.48812	2.3329299999999997	2.2141	1.7655	1.6784400000000002	1.5807799999999999
3.9921300000000004	3.3168699999999998	2.68667	2.53492	2.40572	2.1814400000000003	1.7174900000000002	1.65573	1.6105399999999999
3.8713699999999998	3.23164	2.66078	2.46327	2.25745	2.08948	1.63317	1.55049	1.44497
3.85235	3.2385200000000003	2.58847	2.3365099999999996	2.2130099999999997	2.01878	1.6087200000000001	1.55477	1.4460600000000001
3.8445400000000003	3.14095	2.54072	2.3797200000000003	2.2468	2.0209200000000003	1.5834700000000002	1.4836	1.36579
3.77719	3.14487	2.46955	2.307	2.12113	1.95925	1.48304	1.44418	1.34561
3.78594	3.11497	2.47432	2.28554	2.06791	1.92763	1.48173	1.4385	1.29673
3.7950699999999995	3.1406400000000003	2.50639	2.2614400000000003	2.11999	1.91857	1.48538	1.40299	1.30241
3.73035	3.0883700000000003	2.42766	2.22721	2.09112	1.87323	1.43198	1.4318799999999998	1.30598
3.74284	3.0743099999999997	2.43262	2.21116	2.04775	1.8663599999999998	1.44597	1.3763	1.27532
3.7489199999999996	3.10394	2.64203	2.212	2.0815200000000003	1.87042	1.49292	1.4051799999999999	1.26391
3.74344	3.04783	2.42319	2.24618	2.0764099999999996	1.89133	1.42309	1.3617700000000001	1.25441
3.76137	3.0515	2.43527	2.19315	2.09558	1.92589	1.42967	1.36816	1.25413
3.7363199999999996	3.11938	2.5028200000000003	2.19442	2.0836799999999998	1.94212	1.44655	1.41667	1.28122
3.7501300000000004	3.09952	2.48325	2.27008	2.1088299999999998	1.88483	1.50128	1.41987	1.31835
3.7581300000000004	3.09672	2.43181	2.24133	2.0669299999999997	1.86808	1.46939	1.40307	1.25644
3.71794	3.05583	2.4222200000000003	2.20839	2.0664700000000003	1.89288	1.45272	1.40895	1.2438799999999999
3.71668	3.05115	2.41378	2.20108	2.06792	1.87043	1.42145	1.3879299999999999	1.29093
3.7209800000000004	3.09408	2.43866	2.2275099999999997	2.09782	1.9007	1.46397	1.41188	1.30492
3.7181300000000004	3.1281	2.45263	2.19106	2.07497	1.8438900000000003	1.46698	1.3829799999999999	1.24177
3.71906	3.0583	2.44512	2.20828	2.07052	1.84575	1.44233	1.3724	1.25114
3.69995	3.07068	2.40903	2.17593	2.04762	1.9117400000000002	1.40129	1.38944	1.2351
3.69351	3.09433	2.41443	2.1818299999999997	2.05813	1.85562	1.4124299999999999	1.36887	1.2478200000000002
3.7357	3.07212	2.4027	2.20663	2.06845	1.8572	1.41369	1.37042	1.23464
3.7158900000000004	3.0461099999999997	2.39083	2.18063	2.00831	1.83355	1.41038	1.34328	1.2404700000000002
3.7121199999999996	3.0654	2.41359	2.20368	2.0644299999999998	1.8246099999999998	1.4118899999999999	1.3965	1.25452
3.7191199999999998	3.09022	2.41824	2.1600599999999996	2.0467	1.91229	1.41277	1.39715	1.26452
3.7318599999999997	3.0968299999999997	2.46482	2.17638	2.07428	1.8817700000000002	1.45428	1.40083	1.26461
3.6899300000000004	3.0790900000000003	2.44631	2.18546	2.01537	1.84532	1.39975	1.37182	1.22356
3.68214	3.07	2.42889	2.19975	2.0253400000000004	1.83434	1.39688	1.36006	1.2331
3.8022199999999997	3.16589	2.53498	2.26016	2.16607	1.9525400000000002	1.51239	1.4628	1.39848
3.84931	3.27961	2.55277	2.27212	2.20497	2.06638	1.55691	1.49791	1.44776
3.86694	3.18622	2.54787	2.43938	2.2816799999999997	2.03926	1.54176	1.56369	1.37381
3.7781599999999997	3.13157	2.50625	2.35831	2.1579200000000003	1.9253900000000002	1.52645	1.4866	1.36314
3.8319300000000003	3.22302	2.53419	2.2762	2.12794	1.88759	1.53945	1.47165	1.3632799999999998
3.86361	3.26134	2.58144	2.4285200000000002	2.2513099999999997	2.0204299999999997	1.5479	1.48387	1.4223299999999999
3.8687199999999997	3.28585	2.63246	2.44633	2.20092	1.97281	1.58837	1.55469	1.4277
3.7966	3.19449	2.61017	2.41138	2.26019	1.98583	1.57702	1.52271	1.45451
3.8479699999999997	3.2086799999999998	2.53773	2.31727	2.2023200000000003	1.97777	1.51485	1.50072	1.33002
3.7880199999999995	3.16279	2.4645599999999996	2.3069599999999997	2.1344	1.95521	1.543	1.43555	1.33241
3.7610900000000003	3.1369700000000003	2.4942900000000003	2.2351	2.08359	1.9012799999999999	1.46976	1.4313799999999999	1.26976
4.27876	3.5682400000000003	2.9428	2.28911	2.15093	1.9853900000000002	1.69592	1.6549200000000002	1.50274
4.37746	3.8333	3.2102	2.92065	2.77604	2.5409900000000003	2.22724	2.05556	2.02034
4.3022	3.60891	2.9366	2.96424	2.71807	2.4969200000000003	2.03487	2.16221	2.03228
4.11649	3.3887199999999997	2.71351	2.8185	2.50621	2.29643	1.84	1.83438	1.67839
3.86787	3.19164	2.61807	2.42711	2.2322900000000003	2.04541	1.65094	1.5850600000000001	1.48074
3.75094	3.103	2.46393	2.30599	2.1274599999999997	1.9083599999999998	1.4962	1.43966	1.28295
3.7161199999999996	3.11345	2.43624	2.25128	2.11185	1.91822	1.5087700000000002	1.42321	1.30036
3.73829	3.08416	2.46762	2.21069	2.05614	1.86283	1.45656	1.38706	1.26655
3.8024	3.06259	2.4171099999999996	2.20897	2.03874	1.8789099999999999	1.44582	1.40337	1.30334
3.7512800000000004	3.08974	2.45701	2.18832	2.06889	1.9074900000000001	1.48831	1.40963	1.2699799999999999
3.7549	3.10115	2.49472	2.27969	2.11347	1.85742	1.42719	1.37303	1.26849
3.7368099999999997	3.08963	2.44722	2.23619	2.06534	1.9042700000000001	1.41095	1.4324	1.25289
3.74629	3.08625	2.4114	2.2363299999999997	2.11299	1.88157	1.4462700000000002	1.38745	1.23774
3.74338	3.08312	2.41838	2.2077299999999997	2.07947	1.8717099999999998	1.46432	1.46854	1.2712
3.7092	3.07482	2.43994	2.22035	2.1318799999999998	1.9003900000000002	1.3996899999999999	1.40602	1.27619
3.728	3.0771900000000003	2.43593	2.26536	2.06624	1.8736599999999999	1.42041	1.36176	1.25752
3.747	3.0931900000000003	2.4112	2.22102	2.05887	1.97222	1.4763899999999999	1.39921	1.28306
3.7312800000000004	3.07193	2.42259	2.23559	2.0864	1.85715	1.4593	1.37916	1.267
3.8408900000000004	3.14317	2.4485799999999998	2.42402	2.12945	1.8883900000000002	1.45643	1.38026	1.26014
3.71116	3.06147	2.44271	2.21697	2.0887	1.89199	1.45292	1.38662	1.24522
3.7251	3.07461	2.4462599999999997	2.2136299999999998	2.07603	1.8723900000000002	1.41478	1.37638	1.2298
3.73878	3.07342	2.45784	2.17322	2.07216	1.84991	1.41195	1.36039	1.24706
3.76208	3.07465	2.42476	2.2497599999999998	2.08954	1.8729	1.4558	1.4143299999999999	1.3132700000000002
3.73046	3.0401	2.44992	2.19848	2.0615099999999997	1.88379	1.38238	1.33744	1.25505
3.71455	3.0828599999999997	2.48372	2.25219	2.12751	1.84113	1.41184	1.3591799999999998	1.26546
3.74179	3.1000900000000002	2.41175	2.2574099999999997	2.1113299999999997	1.8903400000000001	1.44559	1.3934600000000001	1.28904
3.70204	3.09457	2.44224	2.1838599999999997	2.07864	1.8643	1.42696	1.36123	1.22763
3.6998800000000003	3.0611	2.4074400000000002	2.19387	2.01641	1.8484200000000002	1.40279	1.39176	1.24912
3.77492	3.08913	2.4828900000000003	2.1815599999999997	2.05882	1.86181	1.42557	1.38014	1.25898
3.72244	3.0943099999999997	2.4592	2.22503	2.04976	1.8621299999999998	1.4398600000000001	1.44452	1.27354
3.74396	3.09388	2.45955	2.2438700000000003	2.06565	1.8764	1.45344	1.37509	1.24242
3.74111	3.08509	2.41594	2.20112	2.05536	1.8491400000000002	1.43915	1.40211	1.30992
3.77684	3.19718	2.5920900000000002	2.19687	2.0754	1.8982700000000001	1.45881	1.45918	1.3387200000000001
4.00274	3.3372699999999997	2.75815	2.3491299999999997	2.18173	2.01258	1.63681	1.58228	1.50268
4.1079	3.65875	2.86164	2.52468	2.35734	2.0800400000000003	1.736	1.6786900000000002	1.65619
4.10234	3.31981	2.73863	2.53555	2.33785	2.18871	1.72236	1.65019	1.5028700000000002
3.8192800000000005	3.17095	2.5653799999999998	2.37772	2.22189	2.02105	1.5978700000000001	1.57525	1.44424
3.76575	3.17075	2.49057	2.32193	2.16698	1.95108	1.51355	1.48136	1.34988
3.79605	3.12511	2.46171	2.20559	2.07252	1.85307	1.46211	1.3901	1.30158
3.8017800000000004	3.12167	2.50042	2.26839	2.1404799999999997	1.9048	1.46901	1.42306	1.3161200000000002
3.75472	3.08698	2.4287400000000003	2.26263	2.09242	1.87323	1.5038799999999999	1.44404	1.30808
3.81546	3.1279	2.51135	2.2158599999999997	2.04987	1.85005	1.41595	1.40432	1.27601
3.80062	3.1423799999999997	2.5141	2.26456	2.15707	1.92985	1.52783	1.4701799999999998	1.33008
3.7952800000000004	3.1730099999999997	2.49401	2.27504	2.09242	1.96248	1.51724	1.4624	1.31873
3.86481	3.19205	2.63191	2.26157	2.09858	1.95607	1.50274	1.47248	1.33665
4.3689599999999995	3.67529	2.94509	2.4346200000000002	2.50113	2.26725	1.94575	1.94733	1.7945900000000001
4.24071	3.6993699999999996	3.00316	2.81027	2.67502	2.4766	2.03083	1.9778900000000001	1.85395
4.04955	3.4195300000000004	2.74454	2.6714700000000002	2.49765	2.34706	1.7739099999999999	1.7109	1.6803299999999999
3.99534	3.32637	2.66673	2.41177	2.2940099999999997	2.17808	1.65448	1.58562	1.4726299999999999
3.8508	3.18282	2.51258	2.4451	2.27489	2.0428599999999997	1.52055	1.49217	1.3901700000000001
3.79187	3.15079	2.61142	2.30797	2.14275	1.93887	1.51911	1.47581	1.33544
3.73565	3.07935	2.43399	2.26983	2.09803	1.88862	1.4608299999999999	1.4303	1.2615100000000001
3.78136	3.12209	2.48725	2.19158	2.04934	1.91363	1.4493	1.4363700000000001	1.31318
3.75576	3.09381	2.45837	2.2526200000000003	2.15465	1.9144700000000001	1.4806700000000002	1.41801	1.31994
3.7462199999999997	3.11085	2.44518	2.25357	2.06101	1.86392	1.46638	1.39371	1.266
3.7434199999999995	3.1596900000000003	2.48243	2.19925	2.05748	1.9024	1.4542700000000002	1.42753	1.30724
3.7929699999999995	3.26533	2.55497	2.2260400000000002	2.10697	1.9566700000000001	1.50315	1.50268	1.39984
3.8855699999999995	3.213	2.58019	2.29133	2.1655599999999997	2.05514	1.57439	1.48129	1.37134
3.79115	3.17868	2.53429	2.32888	2.24076	2.01592	1.63697	1.5392	1.37012
3.8064699999999996	3.18337	2.52143	2.29603	2.21565	1.9808599999999998	1.52956	1.54122	1.38507
3.7821300000000004	3.15298	2.45938	2.28166	2.10354	1.91857	1.47174	1.45849	1.34391
3.7393199999999998	3.11638	2.45776	2.20677	2.07416	1.8678599999999999	1.46902	1.42361	1.2671700000000001
3.7658099999999997	3.13049	2.46502	2.2373	2.09974	1.90635	1.48688	1.46108	1.31224
3.94202	3.51079	2.88158	2.2458400000000003	2.11045	1.9376200000000001	1.57697	1.63752	1.5281799999999999
4.426	3.8001199999999997	3.1197	2.66246	2.5399599999999998	2.42917	2.012	2.13469	1.95616
4.4519	3.85439	3.18335	2.89059	2.65904	2.5070900000000003	2.18602	2.0144	2.08756
4.00306	3.42651	2.68151	2.7854	2.61774	2.3165	1.87402	1.7369299999999999	1.6645299999999998
3.9567099999999997	3.24527	2.58716	2.46866	2.31283	2.10324	1.6999400000000002	1.60568	1.4378600000000001
3.79556	3.1192900000000003	2.49768	2.28131	2.13957	1.9794200000000002	1.52575	1.52579	1.34876
3.7891199999999996	3.0925700000000003	2.47375	2.24675	2.09298	1.8955099999999998	1.4296799999999998	1.41713	1.31259
3.82805	3.14269	2.47237	2.25062	2.10222	1.9017700000000002	1.4729700000000001	1.44359	1.30651
3.83866	3.1564900000000002	2.53649	2.3004599999999997	2.13345	1.9287299999999998	1.47402	1.43997	1.39355
3.8010699999999997	3.10641	2.51942	2.24864	2.11219	1.9129200000000002	1.48403	1.4588	1.30061
3.81932	3.1088	2.53915	2.24914	2.08735	1.9519099999999998	1.51932	1.47989	1.30064
3.8391599999999997	3.12322	2.46219	2.23331	2.1088299999999998	1.9121400000000002	1.5461200000000002	1.5358	1.36001
3.7718599999999998	3.14825	2.5127099999999998	2.2639099999999996	2.117	1.89946	1.4899799999999999	1.42916	1.30197
3.83501	3.15674	2.49423	2.32972	2.1882099999999998	1.93527	1.5739299999999998	1.46927	1.3062799999999999
3.7820199999999997	3.11596	2.45372	2.2705599999999997	2.12498	1.9013900000000001	1.4623	1.47444	1.33125
3.7837300000000003	3.09065	2.43376	2.24935	2.07793	1.8867900000000002	1.4493	1.38592	1.28356
3.7480900000000004	3.13345	2.48826	2.2309799999999997	2.0808	1.8830900000000002	1.46252	1.42169	1.30634
3.73894	3.08133	2.40463	2.2162900000000003	2.06078	1.8567200000000001	1.41393	1.39101	1.2991700000000002
3.7201199999999996	3.09667	2.43549	2.22496	2.06455	1.88549	1.43415	1.38176	1.23471
3.76597	3.08373	2.43626	2.2518599999999998	2.09292	1.88565	1.43361	1.40962	1.25359
3.76861	3.11959	2.45903	2.2027	2.05954	1.86284	1.4463700000000002	1.3981700000000001	1.23315
3.77927	3.14957	2.4677700000000002	2.25311	2.09722	1.87073	1.42612	1.41713	1.27272
3.78241	3.09292	2.4618599999999997	2.24412	2.1861200000000003	1.9255099999999998	1.45753	1.41945	1.29035
3.7808699999999997	3.13738	2.4565900000000003	2.22967	2.08022	1.8881400000000002	1.4683899999999999	1.422	1.304
3.77811	3.12775	2.52015	2.20624	2.0765	1.9227900000000002	1.46631	1.39026	1.2826600000000001
3.7433199999999998	3.11665	2.4525799999999998	2.2041	2.05273	1.89383	1.49814	1.38562	1.26146
3.72586	3.1064599999999998	2.4013299999999997	2.19781	2.0931900000000003	1.8968900000000002	1.43581	1.37561	1.26328
3.7158	3.0628	2.4290599999999998	2.20059	2.02691	1.8753099999999998	1.4244	1.36571	1.23363
3.72597	3.0691200000000003	2.4472	2.2054099999999996	2.0552799999999998	1.85532	1.46078	1.4341899999999999	1.30531
3.71159	3.08748	2.43167	2.20456	2.06605	1.88107	1.41959	1.36485	1.22764
4.16714	3.3955800000000003	2.86004	2.20402	2.0735900000000003	1.8929200000000002	1.56434	1.6710099999999999	1.3962299999999999
4.670780000000001	4.182	3.6894400000000003	2.88131	2.60839	2.48363	2.20548	2.30821	2.1055
4.63633	3.98395	3.3132699999999997	3.1611700000000003	3.1945799999999998	2.97738	2.64087	2.4191700000000003	2.50445
4.1239	3.54549	2.78118	2.90995	2.66447	2.4373	1.93223	1.7875599999999998	1.84139
3.8609699999999996	3.19888	2.5326400000000002	2.47791	2.39018	2.21393	1.66713	1.56308	1.42945
3.77385	3.12541	2.4851400000000003	2.31301	2.1189400000000003	1.9341	1.50209	1.45728	1.31006
3.75749	3.09063	2.45147	2.21917	2.0775099999999997	1.8853	1.4292	1.40316	1.26811
3.7987599999999997	3.17308	2.47706	2.21818	2.1042400000000003	1.8762400000000001	1.49558	1.48872	1.29011
3.75425	3.08697	2.43328	2.23903	2.08678	1.9037099999999998	1.45456	1.3914600000000001	1.28294
3.7428	3.09327	2.4397	2.1916900000000004	2.0865099999999996	1.8915099999999998	1.4521	1.39152	1.2603799999999998
3.7351400000000003	3.07518	2.45268	2.20812	2.08193	1.8692799999999998	1.41872	1.3872200000000001	1.2717100000000001
3.7289	3.0826599999999997	2.44614	2.17482	2.0524	1.8820400000000002	1.41783	1.4153	1.24349
3.7468	3.08005	2.4921900000000003	2.23143	2.06805	1.8903400000000001	1.43099	1.42565	1.29535
3.7824199999999997	3.08834	2.44492	2.2713	2.1310700000000002	1.89847	1.45844	1.4383299999999999	1.2998399999999999
3.7481699999999996	3.11972	2.48616	2.2195099999999996	2.07437	1.8862700000000001	1.4409	1.37909	1.25889
3.73464	3.08652	2.41363	2.23126	2.08986	1.8558700000000001	1.44211	1.41725	1.26504
3.74526	3.1139900000000003	2.4414	2.29432	2.0794	1.8721700000000001	1.45597	1.38374	1.28411
3.74379	3.10759	2.4845099999999998	2.1992599999999998	2.08188	1.90145	1.45418	1.4128399999999999	1.24866
3.7324	3.0911	2.4489900000000002	2.1985200000000003	2.05702	1.88464	1.41374	1.38749	1.25339
3.75496	3.11783	2.4456900000000004	2.1863599999999996	2.03155	1.8691200000000001	1.43689	1.37677	1.2405
3.7332699999999996	3.12034	2.45264	2.2088	2.10296	1.90435	1.4655	1.42143	1.26409
3.7678599999999998	3.12952	2.49562	2.26982	2.11103	1.8998700000000002	1.43223	1.43814	1.30418
3.78396	3.12522	2.51687	2.2668	2.0996900000000003	1.85153	1.49075	1.4313200000000001	1.28944
3.77379	3.11449	2.48241	2.23006	2.0663	1.9185299999999998	1.5024	1.4354	1.37744
3.7676300000000005	3.15142	2.45053	2.2615	2.14216	1.93911	1.46244	1.43802	1.31128
3.7540699999999996	3.10322	2.47752	2.22893	2.10051	1.92219	1.43992	1.40339	1.31475
3.7455800000000004	3.0634900000000003	2.4117599999999997	2.20445	2.07801	1.8535	1.39624	1.3766100000000001	1.25629
3.7501800000000003	3.11842	2.42293	2.19194	2.07051	1.8976400000000002	1.43915	1.4413799999999999	1.26644
3.7725699999999995	3.06605	2.4143	2.20312	2.03056	1.86313	1.43626	1.37101	1.2496200000000002
3.75331	3.09021	2.47332	2.19061	2.11137	1.9289900000000002	1.47599	1.45244	1.2916299999999998
3.81105	3.17275	2.4944599999999997	2.22129	2.0864599999999998	1.87195	1.5158200000000002	1.40506	1.3044799999999999
3.7856	3.15667	2.50726	2.28051	2.09959	1.9029900000000002	1.4616200000000001	1.4268100000000001	1.34374
3.78016	3.0926400000000003	2.4706	2.26458	2.14217	1.9109599999999998	1.49311	1.45807	1.29445
3.82341	3.15407	2.47553	2.27542	2.10208	1.8626900000000002	1.47664	1.43219	1.31554
3.77736	3.13829	2.48379	2.23659	2.14357	1.89822	1.5083	1.40917	1.2762200000000001
3.79348	3.14813	2.51038	2.29789	2.12609	1.92472	1.48117	1.46519	1.3119299999999998
3.91741	3.20928	2.51267	2.3616099999999998	2.1737900000000003	2.00785	1.5505	1.5148	1.3502399999999999
3.8059800000000004	3.1169	2.45749	2.3441400000000003	2.23139	1.9502099999999998	1.51129	1.48527	1.37848
3.7420400000000003	3.07024	2.4619299999999997	2.26218	2.10534	1.87313	1.4374200000000001	1.44602	1.2604899999999999
4.00849	3.31964	2.64684	2.2283	2.07901	1.8943	1.52598	1.479	1.34858
4.08849	3.54374	2.9042	2.44391	2.36797	2.2311099999999997	1.8628	1.80672	1.6634099999999998
4.43047	3.66476	3.11888	2.77025	2.54186	2.38967	2.0441700000000003	2.06619	1.97737
4.34433	3.67804	3.1861599999999997	2.9133299999999998	2.82101	2.6294299999999997	2.12255	2.0154099999999997	1.92681
4.398969999999999	3.65513	2.98241	2.85597	2.6453599999999997	2.4784200000000003	2.05908	2.10323	1.9150099999999999
4.13526	3.4923300000000004	2.798	2.87363	2.69454	2.43995	1.93278	1.80437	1.59559
3.9018900000000003	3.20485	2.62222	2.48163	2.30028	2.10078	1.5929	1.63456	1.46367
3.817	3.14169	2.5380599999999998	2.3010900000000003	2.15735	1.95891	1.49431	1.4465	1.32418
3.78455	3.10851	2.46276	2.2405	2.0839	1.89713	1.46367	1.46359	1.33514
3.78675	3.12319	2.4575400000000003	2.24877	2.0847	1.89048	1.4633200000000002	1.4119	1.29106
3.7198599999999997	3.11593	2.4575099999999996	2.22897	2.08641	1.8977	1.48349	1.4173200000000001	1.3144799999999999
3.7586800000000005	3.08581	2.4699	2.2108	2.04632	1.90095	1.44016	1.40716	1.2884
3.7826800000000005	3.06814	2.42215	2.22683	2.1036900000000003	1.92733	1.4547700000000001	1.4044299999999998	1.29951
3.7269699999999997	3.1115	2.4196400000000002	2.21537	2.0651599999999997	1.84421	1.4482899999999999	1.4087	1.24874
3.7312300000000005	3.08626	2.4375299999999998	2.22191	2.08154	1.9159	1.45395	1.42464	1.27514
3.74945	3.05986	2.40552	2.2271799999999997	2.0473	1.8877400000000002	1.42412	1.3588	1.27762
3.75565	3.0954099999999998	2.48311	2.24322	2.08683	1.91262	1.44307	1.41038	1.29364
3.9814599999999998	3.29244	2.6932400000000003	2.28484	2.18378	1.9344	1.58135	1.55685	1.48932
4.12769	3.4858800000000003	2.84166	2.51899	2.44054	2.271	1.9793	1.8511799999999998	1.6619099999999998
4.0979	3.48297	2.8092900000000003	2.5667299999999997	2.4066099999999997	2.18839	1.77676	1.84338	1.6633
4.05943	3.3039099999999997	2.63996	2.5626	2.44896	2.22289	1.7665099999999998	1.7365	1.53555
3.8484599999999998	3.1593	2.51268	2.3932700000000002	2.2482	2.0447	1.6122100000000001	1.57961	1.3304200000000002
3.83037	3.20116	2.5169	2.38747	2.2391799999999997	2.0068200000000003	1.60856	1.51686	1.47892
3.8210900000000003	3.11632	2.51552	2.31924	2.15636	1.9437099999999998	1.56305	1.47254	1.33742
3.76366	3.11939	2.45238	2.2872	2.14856	1.91262	1.51698	1.43171	1.28704
3.77619	3.13	2.471	2.28555	2.1364099999999997	1.8971	1.516	1.42144	1.25911
3.74108	3.11721	2.4648	2.25905	2.10295	1.92317	1.4441	1.40291	1.28425
3.75659	3.084	2.46775	2.24211	2.08475	1.87608	1.4384700000000001	1.41465	1.27871
3.73429	3.09765	2.4458599999999997	2.2302299999999997	2.07245	1.8941599999999998	1.45805	1.4137899999999999	1.29328
3.72155	3.06658	2.4167799999999997	2.23636	2.08508	1.8663299999999998	1.43535	1.40501	1.27819
3.77322	3.07177	2.44014	2.2065900000000003	2.05722	1.83443	1.40536	1.36624	1.22585
3.7242300000000004	3.06518	2.44182	2.20247	2.03798	1.84047	1.40346	1.3539700000000001	1.2234200000000002
3.6950199999999995	3.05543	2.40677	2.18482	2.05555	1.85378	1.39946	1.40571	1.2329299999999999
3.74234	3.08715	2.4664099999999998	2.18177	2.04245	1.8695400000000002	1.42645	1.36642	1.24961
3.8188199999999997	3.1402099999999997	2.46446	2.2650799999999998	2.08277	1.86801	1.43677	1.4273	1.31237
3.7295	3.1135599999999997	2.47478	2.2984299999999998	2.1354	1.8717700000000002	1.4390399999999999	1.38876	1.2730700000000001
3.77326	3.12127	2.4510400000000003	2.25088	2.0713	1.9053799999999999	1.48094	1.41813	1.2968899999999999
3.8721300000000003	3.12264	2.5252	2.21297	2.06588	1.90736	1.50986	1.43887	1.27895
3.80806	3.20235	2.53265	2.26926	2.09158	1.9071	1.5021	1.43521	1.30813
3.8302	3.23815	2.53116	2.2799400000000003	2.15462	1.93268	1.4959799999999999	1.4889	1.34019
3.93779	3.23546	2.55151	2.3085400000000003	2.25123	1.98197	1.6195	1.54555	1.41974
3.85416	3.18538	2.58643	2.47622	2.25069	2.0194099999999997	1.55596	1.5293700000000001	1.39615
3.83711	3.15387	2.53908	2.30485	2.16803	1.9344400000000002	1.51857	1.49556	1.40269
3.8197	3.17216	2.57095	2.2622400000000003	2.10741	1.94298	1.50581	1.4658200000000001	1.3645
3.91474	3.25433	2.60968	2.27945	2.23001	1.98253	1.57436	1.55885	1.38467
3.98529	3.24025	2.52989	2.41038	2.2238	1.9870900000000002	1.6604700000000001	1.5684200000000001	1.40162
3.83545	3.18394	2.54921	2.38342	2.25618	2.01368	1.62345	1.52194	1.37545
3.7837300000000003	3.13458	2.46809	2.3359799999999997	2.15979	1.97449	1.4908299999999999	1.40068	1.26702
3.76433	3.09275	2.47443	2.26024	2.10161	1.8985599999999998	1.45201	1.38531	1.2655
3.72718	3.1208400000000003	2.5224	2.18675	2.08087	1.9077099999999998	1.42889	1.39762	1.25191
3.99804	3.33831	2.72353	2.28107	2.1815599999999997	2.01562	1.6523700000000001	1.65667	1.51826
3.95151	3.28741	2.62699	2.5059299999999998	2.29683	2.14761	1.6540700000000002	1.6924299999999999	1.56777
3.84884	3.22329	2.5973599999999997	2.39942	2.2210900000000002	2.00622	1.6740099999999998	1.54406	1.39073
3.7961699999999996	3.1714	2.50358	2.31337	2.1644799999999997	1.99807	1.54884	1.50085	1.33149
3.7623599999999997	3.10953	2.47059	2.31679	2.11153	1.91593	1.4568	1.46078	1.27447
3.79985	3.08546	2.4673599999999998	2.2354	2.08832	1.9466599999999998	1.49124	1.4374200000000001	1.33475
3.74096	3.12049	2.45058	2.1968900000000002	2.0602400000000003	1.85907	1.46541	1.37091	1.26752
3.75165	3.14082	2.62709	2.26563	2.07165	1.88913	1.43537	1.39828	1.2773299999999999
3.77003	3.11729	2.48654	2.20687	2.11816	1.97317	1.53808	1.4368100000000001	1.24918
3.8108800000000005	3.14424	2.48827	2.27667	2.1284	1.88992	1.4519	1.44529	1.32444
3.7697	3.13646	2.46752	2.27388	2.12195	1.97712	1.4904600000000001	1.47848	1.35791
3.7978699999999996	3.2155299999999998	2.48011	2.26316	2.09191	1.94822	1.5161200000000001	1.43182	1.30504
3.6971800000000004	3.05477	2.43577	2.22697	2.0855	1.8983599999999998	1.45313	1.41021	1.27
3.7139900000000003	3.07472	2.42746	2.19271	2.01939	1.86753	1.41394	1.3660700000000001	1.21646
3.76652	3.14197	2.50765	2.25517	2.07747	1.88055	1.487	1.4061299999999999	1.2515
3.7866	3.10958	2.45871	2.21755	2.1208299999999998	1.9162099999999997	1.4443700000000002	1.41658	1.30376
3.7380400000000003	3.05845	2.45242	2.22023	2.0688299999999997	1.86485	1.44764	1.41083	1.27278
3.78495	3.11052	2.43765	2.2052	2.09515	1.8806599999999998	1.42977	1.4131	1.27756
3.7949599999999997	3.08563	2.4514299999999998	2.19811	2.03367	1.8469400000000002	1.37962	1.3607799999999999	1.25401
3.7435199999999997	3.0722400000000003	2.4657	2.19027	2.04097	1.8385	1.41743	1.38962	1.25488
3.74335	3.0916	2.4269	2.20474	2.04536	1.8708900000000002	1.4016600000000001	1.4013799999999998	1.26475
3.7635199999999998	3.0681700000000003	2.46512	2.2204099999999998	2.07104	1.86065	1.447	1.42726	1.27991
3.7337800000000003	3.08522	2.45917	2.21009	2.07389	1.88345	1.44805	1.38496	1.2684600000000001
3.7168300000000003	3.09826	2.45927	2.24229	2.0440400000000003	1.86218	1.4487	1.36125	1.27419
3.72508	3.07402	2.41604	2.20892	2.05792	1.8682	1.41333	1.36585	1.24411
3.7484800000000003	3.1278	2.4542200000000003	2.23885	2.0684	1.8819400000000002	1.4239	1.40416	1.24975
3.71282	3.0680400000000003	2.40997	2.23405	2.0592900000000003	1.9021400000000002	1.43335	1.37473	1.24794
3.8134099999999997	3.29881	3.01591	2.1933	2.0425	1.8552799999999998	1.43875	1.36966	1.27668
4.4261	3.8576900000000003	3.10532	2.47263	2.4191599999999998	2.2204200000000003	1.8773900000000001	1.9206	1.90093
4.54471	3.8907	3.28018	3.18045	3.107	2.84805	2.41562	2.2782	2.21728
4.34935	3.5495900000000002	2.88632	3.01199	3.04102	2.61797	2.22608	2.10814	1.9160700000000002
3.9703800000000005	3.26251	2.60622	2.61935	2.36255	2.2135	1.74148	1.68353	1.51424
3.9327400000000003	3.25763	2.6219900000000003	2.37886	2.25897	2.05625	1.61927	1.5667	1.44039
3.95985	3.23637	2.73372	2.38862	2.1842099999999998	1.98292	1.62125	1.55175	1.44266
3.9704900000000003	3.3801400000000004	2.79514	2.5108	2.36185	2.18482	1.7440200000000001	1.72374	1.5377100000000001
3.92675	3.36588	2.63683	2.48628	2.3744	2.1546	1.64505	1.6113600000000001	1.50542
3.76725	3.14693	2.49368	2.39205	2.2731	2.10126	1.56378	1.4872100000000001	1.32933
3.8119300000000003	3.18933	2.5335900000000002	2.29041	2.12203	1.9393900000000002	1.52435	1.47409	1.33102
3.7892900000000003	3.14779	2.5364	2.26592	2.10327	1.9072	1.4903	1.44109	1.33444
3.8585300000000005	3.1804200000000002	2.4950900000000003	2.30368	2.12833	1.92583	1.50594	1.44917	1.3582
3.74246	3.13282	2.50715	2.2465200000000003	2.1313	1.91032	1.57095	1.50231	1.30731
3.77065	3.12758	2.4768	2.2524	2.10005	1.9041400000000002	1.4375	1.3842700000000001	1.2632
3.87289	3.1884	2.58094	2.26637	2.11285	1.93535	1.52454	1.52445	1.33528
4.00134	3.27243	2.72646	2.39646	2.2482599999999997	2.04681	1.5927799999999999	1.6529900000000002	1.4849299999999999
3.8667300000000004	3.17997	2.60387	2.51673	2.41197	2.18815	1.7066700000000001	1.5795700000000001	1.50483
3.82456	3.2114599999999998	2.58778	2.34923	2.2071099999999997	2.01476	1.56602	1.53282	1.39792
3.83218	3.1455599999999997	2.51201	2.2852099999999997	2.1208299999999998	1.9213799999999999	1.473	1.43851	1.33111
3.7755300000000003	3.13496	2.4756299999999998	2.27711	2.14507	1.9201700000000002	1.48223	1.43106	1.31869
3.7914800000000004	3.12615	2.4584900000000003	2.25027	2.05989	1.9187400000000001	1.53627	1.45849	1.33073
3.7392800000000004	3.05783	2.44611	2.19223	2.0682099999999997	1.87877	1.4235	1.37447	1.24956
3.72024	3.12658	2.4363799999999998	2.19497	2.07135	1.8527200000000001	1.42906	1.37566	1.27244
3.9093	3.26191	2.52562	2.20791	2.06277	1.8895400000000002	1.48415	1.43515	1.33875
3.78895	3.1280799999999997	2.51015	2.26942	2.13558	1.97227	1.5593	1.46094	1.3314700000000002
3.7825699999999998	3.2055700000000003	2.56205	2.28755	2.1480900000000003	1.9023400000000001	1.49632	1.42793	1.32885
3.93897	3.2853	2.67131	2.28745	2.11482	1.93668	1.57594	1.55088	1.4761600000000001
4.2406	3.6344199999999995	2.92562	2.54881	2.35371	2.2970599999999997	1.8959599999999999	1.81528	1.74427
4.259440000000001	3.6187400000000003	2.94921	2.62432	2.4765200000000003	2.3521799999999997	1.90714	1.77535	1.6928400000000001
4.09836	3.4046199999999995	2.73162	2.55412	2.3959200000000003	2.2698400000000003	1.8336	1.7267400000000002	1.57256
3.8461300000000005	3.2158599999999997	2.58734	2.47732	2.31925	2.1103	1.6942	1.6495099999999998	1.5172
3.89351	3.23791	2.49305	2.38647	2.2014099999999996	1.99653	1.626	1.57018	1.43006
3.7686	3.14888	2.52189	2.24127	2.21535	1.9325599999999998	1.5045600000000001	1.43326	1.2953
3.74244	3.0918099999999997	2.4270099999999997	2.4460599999999997	2.07726	1.91832	1.5039799999999999	1.40278	1.2637200000000002
3.7528	3.1432599999999997	2.45092	2.2181900000000003	2.07609	1.8560900000000002	1.43771	1.3685	1.25478
3.71673	3.0877	2.52429	2.20266	2.07686	1.8735	1.44436	1.43146	1.30162
3.7416699999999996	3.08834	2.47323	2.23957	2.0598400000000003	1.8991	1.55697	1.4026299999999998	1.2728
3.7669099999999998	3.1040799999999997	2.44795	2.20306	2.0554799999999998	1.8572	1.4371	1.43585	1.2925799999999998
3.7574199999999998	3.0472099999999998	2.43043	2.24899	2.09397	1.91878	1.42634	1.38307	1.2323
3.79335	3.14233	2.49333	2.22357	2.0335900000000002	1.8706900000000002	1.44265	1.45603	1.2953299999999999
3.80839	3.16078	2.5238400000000003	2.20052	2.07437	1.88037	1.53652	1.4432399999999999	1.30705
3.78136	3.11212	2.4593700000000003	2.28178	2.15718	2.0038	1.5665799999999999	1.41307	1.29409
3.7755900000000002	3.07804	2.42682	2.20738	2.10121	1.94265	1.44412	1.3911	1.26749
3.7915300000000003	3.15667	2.54049	2.2040599999999997	2.08842	1.86358	1.44259	1.39075	1.25821
3.80453	3.11125	2.47883	2.3052799999999998	2.1024	1.96355	1.5401	1.40315	1.29617
3.77366	3.17718	2.57745	2.2873099999999997	2.09762	1.95412	1.50431	1.42737	1.27572
3.7815800000000004	3.11407	2.50077	2.2417700000000003	2.13616	1.9124299999999999	1.4270399999999999	1.40194	1.3065799999999999
3.74701	3.10537	2.46576	2.23144	2.06988	1.8902400000000001	1.4343	1.39473	1.2337
3.8623300000000005	3.15576	2.487	2.2135	2.07868	1.87933	1.4306	1.40412	1.2876299999999998
3.99223	3.2882300000000004	2.63159	2.28134	2.19461	2.04089	1.55506	1.55777	1.39974
4.10775	3.4817099999999996	2.767	2.51799	2.3448599999999997	2.1531700000000003	1.77151	1.72325	1.5361
4.03324	3.4352	2.8711	2.53421	2.46112	2.13748	1.77227	1.84412	1.64475
4.027880000000001	3.37261	2.65274	2.44988	2.26946	2.16007	1.7075099999999999	1.72682	1.61481
3.9138900000000003	3.27923	2.61353	2.47432	2.3775	2.13445	1.60384	1.5548799999999998	1.38727
3.86931	3.21844	2.52629	2.34365	2.14764	2.0078	1.53629	1.4674	1.35276
3.7630199999999996	3.11885	2.41833	2.28162	2.16886	1.98662	1.4934	1.44661	1.32485
3.7648300000000003	3.12035	2.46265	2.2117299999999998	2.08292	1.86641	1.4203299999999999	1.42411	1.2757
3.78136	3.11748	2.51464	2.23069	2.09409	1.8757400000000002	1.4297600000000001	1.40571	1.25625
3.8006800000000003	3.08771	2.41352	2.2917400000000003	2.10073	1.89425	1.4756200000000002	1.4093200000000001	1.28754
3.9903699999999995	3.2730799999999998	2.97738	2.24099	2.13544	1.92392	1.48058	1.92198	1.3858
3.9692800000000004	3.28565	2.67211	2.5434200000000002	2.34408	2.09649	1.76837	1.6929900000000002	1.54456
3.9035599999999997	3.2759400000000003	2.5759	2.36215	2.23363	2.02429	1.63503	1.5904399999999999	1.4842600000000001
3.8037099999999997	3.15705	2.47765	2.40409	2.1699	1.9717099999999999	1.52665	1.46916	1.33321
3.78378	3.1367700000000003	2.48442	2.24251	2.10437	1.97127	1.44468	1.40962	1.30041
3.77674	3.13888	2.51687	2.3056900000000002	2.1162900000000002	1.88273	1.4724700000000002	1.4243299999999999	1.29939
3.78169	3.11646	2.45111	2.23129	2.0767	1.86802	1.45288	1.44173	1.29639
3.83124	3.07306	2.44197	2.2408799999999998	2.09191	1.92442	1.43002	1.38572	1.28766
3.76876	3.08233	2.4664200000000003	2.2507599999999996	2.0756200000000002	1.8631099999999998	1.46102	1.37021	1.2632
3.72011	3.09742	2.44361	2.20038	2.0822	1.9118099999999998	1.41005	1.36251	1.2308299999999999
3.7258	3.0752599999999997	2.42024	2.1861099999999998	2.03982	1.84497	1.39181	1.3705	1.22015
3.75109	3.0931900000000003	2.4199599999999997	2.20686	2.04235	1.86238	1.39355	1.3612799999999998	1.26121
3.746	3.11389	2.50398	2.19768	2.06582	1.87185	1.39386	1.3963	1.2448700000000001
3.8174900000000003	3.11348	2.47033	2.22972	2.06103	1.87316	1.44046	1.41998	1.26397
3.75389	3.10384	2.4607900000000003	2.21247	2.06977	1.9055400000000002	1.4892	1.43682	1.35601
3.7474199999999995	3.1216	2.4578900000000004	2.25779	2.10308	1.90281	1.4315	1.4358899999999999	1.28447
3.8533699999999995	3.1064	2.44726	2.3138799999999997	2.1530099999999996	1.942	1.5197	1.4407	1.31711
3.7727699999999995	3.15782	2.4784	2.22715	2.15199	1.9004599999999998	1.47622	1.4354	1.2813299999999999
3.75622	3.0793	2.53207	2.2589799999999998	2.06281	1.9137099999999998	1.44545	1.42866	1.3073
3.82058	3.13338	2.4613099999999997	2.2652	2.14865	1.9209200000000002	1.4487	1.49369	1.30382
3.80596	3.16352	2.4857099999999996	2.31475	2.1185400000000003	1.9017700000000002	1.53775	1.5807799999999999	1.34401
3.76741	3.14091	2.4856700000000003	2.26126	2.09415	1.9200700000000002	1.50394	1.4459	1.30218
3.7671900000000003	3.16047	2.51096	2.2700099999999996	2.1057900000000003	1.89615	1.49454	1.4431	1.2864200000000001
3.75276	3.11463	2.46084	2.25694	2.11369	1.94248	1.50181	1.54305	1.30479
3.78389	3.1488099999999997	2.44515	2.24212	2.0975599999999996	1.9333099999999999	1.48766	1.43803	1.3449
3.79644	3.17199	2.51083	2.26863	2.13237	1.9177799999999998	1.4896	1.45679	1.32794
3.76329	3.1093	2.45194	2.26939	2.13985	2.00259	1.5476	1.4908299999999999	1.29104
3.7512800000000004	3.10655	2.45192	2.2936900000000002	2.12185	1.9367900000000002	1.4292	1.41211	1.3166799999999999
3.79912	3.1833299999999998	2.56298	2.2442599999999997	2.1367700000000003	1.94328	1.48499	1.45166	1.39245
3.86954	3.2517400000000003	2.57387	2.29956	2.22492	2.03088	1.58749	1.58689	1.42462
3.95416	3.30398	2.74011	2.36769	2.1935700000000002	1.9702099999999998	1.6221	1.58975	1.46983
3.96463	3.24002	2.5608	2.3976	2.33528	2.0874200000000003	1.61039	1.55755	1.5147899999999999
3.85984	3.2487	2.56861	2.38206	2.2400700000000002	2.0503	1.54556	1.50559	1.3741700000000001
3.90622	3.24432	2.5439599999999998	2.33035	2.19636	1.9857200000000002	1.51376	1.48488	1.39269
3.8988199999999997	3.28847	2.55661	2.2856799999999997	2.17597	2.0081	1.56011	1.54716	1.37947
3.86522	3.2008	2.63501	2.4055299999999997	2.25584	2.05483	1.59742	1.51473	1.37412
3.91525	3.25772	2.58753	2.36142	2.20379	2.03555	1.5601	1.53358	1.43935
3.8545800000000003	3.24246	2.53681	2.38243	2.2170400000000003	2.03505	1.6148	1.57008	1.46435
3.8324	3.1858	2.53882	2.4207799999999997	2.22852	2.09515	1.57703	1.48455	1.389
3.8399099999999997	3.20874	2.66133	2.2821700000000003	2.19557	1.96344	1.51729	1.54129	1.34181
3.80073	3.1318200000000003	2.4699	2.31448	2.14134	1.95501	1.45239	1.40249	1.30895
3.85059	3.19029	2.55396	2.23408	2.10089	1.9417400000000002	1.50089	1.42143	1.35483
3.7999	3.18844	2.5345	2.3275099999999997	2.18817	2.05781	1.5938299999999999	1.5513299999999999	1.39831
3.96182	3.2864	2.62951	2.29806	2.1915	1.9666299999999999	1.50102	1.45605	1.32531
3.98239	3.30689	2.70513	2.43735	2.33338	2.1134	1.76161	1.68907	1.46678
3.93086	3.29114	2.63437	2.459	2.33458	2.08013	1.6273	1.6122100000000001	1.51819
3.79638	3.22667	2.53885	2.35478	2.15983	1.9827	1.54029	1.52324	1.3723299999999998
3.79406	3.14344	2.50048	2.3080700000000003	2.18626	1.9910400000000001	1.5293299999999999	1.47455	1.4095
3.9817	3.24958	2.66512	2.2934400000000004	2.11269	1.96081	1.6085	1.5782399999999999	1.4559600000000001
3.95761	3.35626	2.74995	2.4288	2.2993900000000003	2.13115	1.6246399999999999	1.63044	1.4663
4.380730000000001	3.51999	2.96771	2.5834599999999996	2.49244	2.16922	1.90778	1.8954799999999998	1.7185599999999999
4.07624	3.52851	2.82824	2.69064	2.49675	2.3216200000000002	1.83201	1.7477	1.59722
3.93563	3.24023	2.6967	2.53587	2.43395	2.2231400000000003	1.77332	1.64575	1.5258
3.9425	3.26504	2.6268599999999998	2.40193	2.20149	2.0531	1.6582599999999998	1.57554	1.495
3.85354	3.16767	2.48762	2.40663	2.16457	1.99045	1.4896399999999999	1.48536	1.34053
3.84645	3.15417	2.4901	2.24703	2.08147	1.9079599999999999	1.48472	1.46596	1.3150899999999999
3.9186099999999997	3.2108	2.49569	2.2801	2.14548	1.92563	1.4900200000000001	1.44814	1.34895
3.79109	3.13452	2.48349	2.28848	2.1511099999999996	1.94871	1.54821	1.48492	1.29129
3.8311300000000004	3.147	2.45054	2.29861	2.12443	1.90343	1.47681	1.43715	1.3185799999999999
3.85249	3.11859	2.51526	2.22257	2.0942	1.92412	1.4691	1.46698	1.33514
3.79019	3.12814	2.52452	2.28781	2.14229	1.9575	1.48894	1.45295	1.34723
3.7795099999999997	3.13499	2.49454	2.2858	2.1025099999999997	1.9777900000000002	1.50404	1.42021	1.31033
3.74629	3.10577	2.44073	2.2654900000000002	2.07764	1.8652900000000001	1.46985	1.43011	1.301
3.74799	3.1313400000000002	2.50225	2.22981	2.0707299999999997	1.88382	1.465	1.40991	1.3029600000000001
3.7290400000000004	3.14433	2.46085	2.2795799999999997	2.24047	1.8913200000000001	1.4192200000000001	1.4353	1.29128
3.8137300000000005	3.1221	2.47185	2.2242	2.06648	1.92186	1.4526	1.432	1.26569
3.75869	3.0821099999999997	2.4500900000000003	2.2509200000000003	2.05828	1.93376	1.44632	1.43356	1.37994
3.7495800000000004	3.08255	2.50335	2.2471799999999997	2.0918200000000002	1.95733	1.44513	1.41159	1.34638
3.78007	3.13347	2.48413	2.2316700000000003	2.10288	1.91782	1.45276	1.43472	1.3019399999999999
3.7685800000000005	3.0836799999999998	2.47016	2.27902	2.16003	1.90048	1.4693200000000002	1.41705	1.30134
3.74784	3.1270599999999997	2.48381	2.2654900000000002	2.08814	1.8965400000000001	1.44238	1.4099	1.28671
3.72528	3.1038900000000003	2.48062	2.23743	2.08088	1.8991	1.4265700000000001	1.42507	1.2903
3.7354	3.0865400000000003	2.43932	2.1922200000000003	2.04307	1.8344099999999999	1.40493	1.36162	1.23419
3.7734199999999998	3.13197	2.50988	2.21197	2.0585	1.8846	1.4224700000000001	1.36671	1.26518
4.17744	3.5271	2.86568	2.34157	2.23122	1.9812400000000001	1.69035	1.70354	1.6456400000000002
4.37143	3.73074	3.1579200000000003	2.7361299999999997	2.58506	2.34101	2.07766	2.16745	1.8413
4.19193	3.59723	2.95928	2.82871	2.7183200000000003	2.49117	1.83895	1.87674	1.7606700000000002
4.09923	3.4531099999999997	2.89747	2.6410299999999998	2.51722	2.35888	1.982	1.92701	1.63558
4.12631	3.44296	2.78062	2.61219	2.39023	2.31333	1.8697700000000002	1.78266	1.5812700000000002
3.91678	3.4087400000000003	2.63329	2.5684299999999998	2.47854	2.20615	1.7358099999999999	1.60853	1.43026
3.89149	3.26728	2.626	2.44867	2.33106	2.13023	1.7171	1.60429	1.45786
3.87514	3.23102	2.61619	2.39235	2.29241	2.08285	1.60479	1.58025	1.4560600000000001
3.7938699999999996	3.15163	2.55737	2.39417	2.24441	2.0652	1.5063	1.45169	1.32928
3.76344	3.13327	2.4517	2.27382	2.12982	1.9316099999999998	1.48518	1.42893	1.29395
3.7378199999999997	3.11174	2.44918	2.27379	2.0912599999999997	1.9061	1.44918	1.437	1.2807899999999999
3.7281800000000005	3.05399	2.40192	2.21881	2.06568	1.87332	1.41943	1.36865	1.2517399999999999
3.74895	3.0784700000000003	2.43923	2.20967	2.06002	1.8456299999999999	1.42718	1.3797	1.26781
3.78335	3.14667	2.4946099999999998	2.2395099999999997	2.06751	1.86399	1.43679	1.39106	1.27406
3.7339	3.08791	2.4583	2.1947400000000004	2.05104	1.8831900000000001	1.4241700000000002	1.37677	1.24536
3.72635	3.0729	2.5001700000000002	2.23883	2.09631	1.8727099999999999	1.46919	1.3973799999999998	1.25755
3.7909599999999997	3.1433	2.55756	2.21332	2.0877	1.8651099999999998	1.4529299999999998	1.44785	1.3128600000000001
3.8895800000000005	3.3178699999999997	2.6337900000000003	2.2875900000000002	2.16357	1.94659	1.56479	1.53826	1.38555
4.03304	3.40405	2.73598	2.42768	2.2072599999999998	2.18268	1.66798	1.58281	1.5178399999999999
3.9331099999999997	3.3601099999999997	2.71654	2.4853	2.5108599999999996	2.17406	1.6460099999999998	1.645	1.4901200000000001
3.89069	3.3001099999999997	2.63171	2.40121	2.28526	2.07115	1.6212799999999998	1.57809	1.47516
3.80666	3.1699200000000003	2.59095	2.3755	2.1907400000000004	2.01757	1.5092299999999998	1.49739	1.37081
3.7968	3.12101	2.4773400000000003	2.27487	2.12131	1.9405599999999998	1.49064	1.43995	1.2799399999999999
3.81754	3.13917	2.5946	2.2661	2.1095200000000003	1.8718099999999998	1.4736200000000002	1.41731	1.30287
3.84818	3.2318	2.59872	2.35638	2.1368	1.9626099999999997	1.49216	1.43367	1.3085200000000001
3.9710199999999998	3.27548	2.72437	2.40937	2.1848799999999997	2.00421	1.68795	1.57552	1.4672399999999999
3.87319	3.20309	2.58866	2.4110099999999997	2.29242	2.0510599999999997	1.63185	1.62602	1.4972299999999998
3.78358	3.11842	2.46393	2.36461	2.17395	1.96043	1.60153	1.46751	1.3856899999999999
3.7811	3.11951	2.4503	2.24816	2.07936	1.8881400000000002	1.4727	1.42836	1.32026
3.7353699999999996	3.13286	2.49229	2.2278599999999997	2.09853	1.8661	1.4239700000000002	1.41808	1.27304
4.128430000000001	3.39943	2.9477700000000002	2.31934	2.1297	2.04262	1.68976	1.6446900000000002	1.6692
4.40493	3.7236599999999997	3.1938299999999997	2.83217	2.63633	2.42949	2.06258	2.17267	1.9955599999999998
4.2672	3.5580199999999995	2.96725	2.9262200000000003	2.68047	2.54359	2.15825	2.00182	1.83653
4.0423800000000005	3.30211	2.68455	2.65236	2.5129	2.21035	1.82002	1.78063	1.65241
3.86964	3.22282	2.56887	2.42559	2.2679400000000003	2.07594	1.55925	1.52096	1.40992
3.7927699999999995	3.1150700000000002	2.52487	2.2433	2.12668	1.91258	1.48862	1.43329	1.3836600000000001
3.76807	3.13693	2.5144	2.2503	2.12223	1.92871	1.5106	1.43666	1.31156
3.746	3.09635	2.5034099999999997	2.25133	2.0626700000000002	1.87005	1.4150200000000002	1.37439	1.23025
3.7564800000000003	3.0896	2.45004	2.24898	2.09687	1.8713400000000002	1.47925	1.48821	1.3017299999999998
3.76845	3.1366099999999997	2.4664599999999997	2.2437099999999996	2.15145	1.8909099999999999	1.44242	1.4312799999999999	1.28881
3.8465199999999995	3.1546	2.47581	2.22114	2.07317	1.88894	1.51336	1.4498	1.2878
3.87503	3.18312	2.59623	2.34018	2.15484	2.00161	1.53586	1.54417	1.3692600000000001
3.8634800000000005	3.18379	2.55104	2.2898	2.13701	2.01857	1.5832899999999999	1.5022799999999998	1.4231200000000002
3.78	3.17391	2.58367	2.29304	2.22546	1.98158	1.49957	1.4833399999999999	1.31445
3.77114	3.16473	2.46905	2.31842	2.15706	1.9402099999999998	1.5624799999999999	1.46529	1.31142
3.8705800000000004	3.20857	2.5369200000000003	2.26344	2.1097599999999996	1.93323	1.48528	1.46794	1.33503
3.7297300000000004	3.13008	2.5084299999999997	2.32367	2.14717	1.918	1.4699200000000001	1.45413	1.31656
3.7586199999999996	3.1177900000000003	2.50141	2.22173	2.07868	1.9195400000000002	1.47446	1.40933	1.25465
3.73811	3.12513	2.46949	2.21253	2.07291	1.92277	1.4599600000000001	1.43346	1.2913
3.77213	3.11112	2.45994	2.22865	2.06287	1.89347	1.43479	1.3904299999999998	1.26175
3.69562	3.09757	2.49063	2.20135	2.0556	1.86085	1.58843	1.34738	1.23091
3.7281400000000002	3.05946	2.41931	2.28714	2.05451	1.87465	1.4212200000000001	1.37774	1.26015
3.72464	3.13285	2.4462200000000003	2.22614	2.07722	1.9155799999999998	1.54151	1.35217	1.22735
3.79095	3.09573	2.48367	2.2157400000000003	2.0426599999999997	1.8429099999999998	1.42956	1.38448	1.34914
3.7135300000000004	3.0858	2.41459	2.2208799999999997	2.05947	1.85348	1.4139700000000002	1.3614899999999999	1.2621799999999999
3.7325699999999995	3.07043	2.44027	2.19075	2.07481	1.8732900000000001	1.42536	1.35896	1.2798399999999999
3.7485699999999995	3.10049	2.44738	2.23612	2.0909400000000002	1.86132	1.40743	1.35371	1.22224
3.7502199999999997	3.08298	2.4609799999999997	2.2519099999999996	2.04762	1.8588099999999999	1.53245	1.40372	1.27285
3.72759	3.09174	2.44374	2.1914	2.0697099999999997	1.85847	1.45669	1.37853	1.26775
3.76235	3.08153	2.42695	2.25368	2.07083	1.90018	1.45866	1.39133	1.3121399999999999
3.74759	3.11956	2.49747	2.24522	2.09548	1.96127	1.44584	1.40149	1.27875
3.74441	3.07806	2.4417299999999997	2.20273	2.08582	1.90645	1.43341	1.40349	1.2814299999999998
3.74364	3.09055	2.47391	2.2428	2.0790900000000003	1.8927200000000002	1.456	1.37411	1.28077
3.9576300000000004	3.3349800000000003	2.722	2.19423	2.0746599999999997	1.90242	1.45866	1.40767	1.3962
4.15647	3.62319	3.03613	2.54786	2.4567900000000003	2.4819	2.0415400000000004	1.90619	1.7744
4.3347	3.72082	3.15286	2.91785	2.76844	2.66395	2.15403	2.0441	1.9551599999999998
4.22319	3.57458	2.95697	2.8580200000000002	2.7446900000000003	2.42042	2.07084	1.94685	1.7439
3.9798400000000003	3.3167800000000005	2.6360799999999998	2.6452400000000003	2.5355	2.25568	1.8668799999999999	1.7205599999999999	1.61094
3.8858599999999996	3.23811	2.54555	2.41635	2.27671	2.1113	1.59596	1.56093	1.352
3.81074	3.14708	2.49166	2.35892	2.16804	1.9776200000000002	1.4906	1.43971	1.28614
3.72966	3.10985	2.44312	2.2722900000000004	2.10957	1.9272900000000002	1.4660799999999998	1.4388299999999998	1.33184
3.75164	3.08605	2.4403799999999998	2.24956	2.11984	1.9008099999999999	1.45737	1.37745	1.26204
3.7652	3.10443	2.46339	2.21454	2.06549	1.8649099999999998	1.44118	1.43813	1.3203
3.77103	3.1098	2.49439	2.23458	2.10012	1.8921700000000001	1.47898	1.43915	1.2952299999999999
3.7568599999999996	3.11007	2.5396099999999997	2.25863	2.0605599999999997	1.8798	1.43723	1.4046399999999999	1.26688
3.71425	3.0902700000000003	2.4318400000000002	2.23298	2.07081	1.8465799999999999	1.41307	1.37372	1.26214
